0 0.39272 0.66473 0.32933 0.86043 1.4653 0.69685 0.4322 0.31032 0.68307 1.3721 1.5146 0.36456 0.21631 0.84068 1.1314 0.5584 0.18014 1.2979 1.5328 0.55082 0.20263 0.85832 1.6033 1.0789 1.5227 0.49444 0.68251 0.98208 1.4696 0.73529 0.80941 0.44004 0.49963 0.81389 1.1588 0.89642 0.063321 0.76676 0.23158 0.97153 1.4088 0.92785 0.37471 0.50269 0.83073 0.22003 1.5793 0.97965 1.4528 1.6521 1.6874 1.7227 1.7581 1.7934 1.8288 1.8641 1.8994 1.9348 1.9701 2.0055 2.0408 2.0761 2.1115 2.1468 2.1822 2.2175 2.2529 2.2882 2.3236 2.3589 2.3942 2.4296 2.4649 2.5003 2.5356 2.571 2.6063 2.6417 2.677 2.7124 2.7477 2.7831 2.8184 2.8538 2.8891 2.9245 2.9598 2.9952 3.0305 3.0659 3.1012 3.1366 3.1719 3.2073 3.2426 3.278 3.3133 3.3487 3.384 3.4194 3.4547 3.4901 3.5254 3.5608 3.5961 3.6315 3.6668 3.7022 3.7375 3.7729 3.8082 3.8436 3.8789 3.9143 3.9496 3.985 4.0203 4.0557 4.091 4.1264 4.1617 4.1971 4.2324 4.2678 4.3031 4.3385 4.3738 4.4092 4.4446 4.4799 4.5153 4.5506 4.586 4.6213 4.6567 4.692 4.7274 4.7627 4.7981 4.8334 4.8688 4.9041 4.9395 4.9748 5.0102 5.0456 5.0809 5.1163 5.1516 5.187 5.2223 5.2577 5.293 6.3856 6.1019 6.2431 5.6887 6.4893 6.6521 7.2795 5.8071 5.7557 6.8618 6.3854 5.777 5.7561 7.0376 6.4765 5.7052 6.7156 5.8288 6.3001 5.7461 5.4319 6.3183 6.7779 6.5591 6.5607 6.0314 6.0911 6.1739 6.5748 6.9388 6.37 6.9562 6.5007 5.7732 6.3808 5.6281 5.9914 6.6368 5.5395 6.0832 5.5585 6.5626 5.858 5.7265 6.3476 6.4602 7.1663 5.4272 5.9711 6.5323
0.39272 0 0.55404 0.25823 0.88607 1.8145 1.0031 0.21288 0.23848 1.0275 1.761 1.8534 0.41672 0.50166 0.71509 1.216 0.771 0.57178 1.689 1.8747 0.93704 0.29257 1.2465 1.9375 1.2741 1.8865 0.61158 0.99677 1.2091 1.6945 1.0076 0.77853 0.77914 0.54476 0.97619 1.5496 1.2708 0.32946 1.0879 0.55425 1.0543 1.7949 1.1642 0.64207 0.36285 1.1335 0.56124 1.9445 1.2731 1.8183 1.9682 2.0034 2.0386 2.0738 2.109 2.1442 2.1794 2.2147 2.2499 2.2851 2.3204 2.3556 2.3908 2.4261 2.4613 2.4966 2.5318 2.5671 2.6024 2.6376 2.6729 2.7082 2.7434 2.7787 2.814 2.8493 2.8845 2.9198 2.9551 2.9904 3.0257 3.061 3.0963 3.1315 3.1668 3.2021 3.2374 3.2727 3.308 3.3433 3.3786 3.4139 3.4492 3.4845 3.5198 3.5551 3.5904 3.6257 3.6611 3.6964 3.7317 3.767 3.8023 3.8376 3.8729 3.9082 3.9436 3.9789 4.0142 4.0495 4.0848 4.1201 4.1555 4.1908 4.2261 4.2614 4.2967 4.3321 4.3674 4.4027 4.438 4.4734 4.5087 4.544 4.5793 4.6147 4.65 4.6853 4.7206 4.756 4.7913 4.8266 4.8619 4.8973 4.9326 4.9679 5.0033 5.0386 5.0739 5.1093 5.1446 5.1799 5.2152 5.2506 5.2859 5.3212 5.3566 5.3919 5.4272 5.4626 5.4979 5.5333 5.5686 5.6039 6.6582 6.4431 6.5658 6.0059 6.8102 6.9851 7.592 6.1207 6.0317 7.1792 6.7117 6.0623 6.0958 7.3579 6.7798 6.0199 7.0251 6.1411 6.6019 6.0843 5.7493 6.6046 7.0577 6.8366 6.8962 6.3195 6.3794 6.4742 6.9031 7.2344 6.7037 7.2824 6.784 6.11 6.6797 5.9378 6.2736 6.957 5.8448 6.3924 5.874 6.8379 6.1466 6.0494 6.6717 6.7732 7.4811 5.7439 6.2972 6.8517
0.66473 0.55404 0 0.35875 0.37378 1.6409 0.83536 0.34133 0.75182 0.93472 1.7553 1.6507 0.91593 0.55459 0.17727 0.71601 0.53196 0.76124 1.7121 1.6784 0.99771 0.46646 1.2749 1.7188 0.88188 1.7526 0.34204 1.3415 0.8685 1.3036 0.77816 0.23982 1.0958 0.24295 0.59314 1.6671 1.2266 0.62974 0.93065 0.61144 0.56842 1.7661 0.84458 1.0357 0.19392 0.93091 0.88356 1.8125 1.0299 1.6945 1.708 1.7411 1.7743 1.8076 1.8409 1.8743 1.9078 1.9413 1.975 2.0086 2.0424 2.0761 2.11 2.1439 2.1778 2.2118 2.2458 2.2799 2.314 2.3481 2.3823 2.4165 2.4507 2.485 2.5193 2.5536 2.588 2.6223 2.6567 2.6912 2.7256 2.7601 2.7946 2.8291 2.8637 2.8982 2.9328 2.9674 3.002 3.0367 3.0713 3.106 3.1407 3.1754 3.2101 3.2448 3.2795 3.3143 3.3491 3.3838 3.4186 3.4534 3.4882 3.523 3.5579 3.5927 3.6276 3.6624 3.6973 3.7322 3.7671 3.802 3.8369 3.8718 3.9067 3.9416 3.9766 4.0115 4.0465 4.0814 4.1164 4.1514 4.1864 4.2213 4.2563 4.2913 4.3263 4.3613 4.3964 4.4314 4.4664 4.5014 4.5365 4.5715 4.6065 4.6416 4.6766 4.7117 4.7468 4.7818 4.8169 4.852 4.8871 4.9221 4.9572 4.9923 5.0274 5.0625 5.0976 5.1327 5.1678 5.2029 5.2381 5.2732 6.2618 6.1729 6.2537 5.6851 6.4936 6.6938 7.257 5.7926 5.6424 6.8545 6.4066 5.6866 5.8238 7.0385 6.4306 5.6944 6.6862 5.8104 6.2506 5.8083 5.4302 6.2285 6.6706 6.4465 6.6109 5.9469 6.007 6.1209 6.6016 6.8711 6.4149 6.9751 6.4026 5.8308 6.3232 5.6031 5.8922 6.6385 5.5029 6.0552 5.5508 6.4449 5.7757 5.7397 6.3622 6.4414 7.1507 5.4234 5.9934 6.532
0.32933 0.25823 0.35875 0 0.64367 1.6015 0.7774 0.12697 0.40335 0.8244 1.6043 1.6328 0.55957 0.31413 0.53527 0.9649 0.52188 0.46884 1.543 1.656 0.78938 0.12927 1.0948 1.7135 1.0168 1.686 0.35379 1.011 0.95546 1.4385 0.76792 0.5521 0.76936 0.28886 0.71813 1.4432 1.0913 0.28254 0.86755 0.37659 0.80212 1.6297 0.9126 0.68646 0.17705 0.90284 0.54783 1.7452 1.036 1.6203 1.7344 1.7693 1.8043 1.8392 1.8742 1.9092 1.9442 1.9792 2.0143 2.0493 2.0844 2.1195 2.1545 2.1896 2.2247 2.2598 2.2949 2.33 2.3652 2.4003 2.4354 2.4706 2.5057 2.5409 2.576 2.6112 2.6464 2.6816 2.7167 2.7519 2.7871 2.8223 2.8575 2.8927 2.9279 2.9631 2.9983 3.0335 3.0688 3.104 3.1392 3.1744 3.2097 3.2449 3.2801 3.3154 3.3506 3.3859 3.4211 3.4564 3.4916 3.5269 3.5621 3.5974 3.6326 3.6679 3.7032 3.7384 3.7737 3.8089 3.8442 3.8795 3.9148 3.95 3.9853 4.0206 4.0559 4.0911 4.1264 4.1617 4.197 4.2323 4.2676 4.3028 4.3381 4.3734 4.4087 4.444 4.4793 4.5146 4.5499 4.5852 4.6205 4.6558 4.6911 4.7264 4.7617 4.797 4.8323 4.8676 4.9029 4.9382 4.9735 5.0088 5.0441 5.0794 5.1147 5.15 5.1853 5.2206 5.2559 5.2912 5.3265 5.3618 6.4053 6.2152 6.3281 5.7661 6.5716 6.7524 7.3499 5.8794 5.7797 6.939 6.4757 5.8123 5.8673 7.119 6.5346 5.7791 6.782 5.8993 6.3563 5.8547 5.5097 6.3547 6.8063 6.5846 6.6648 6.0701 6.1301 6.2281 6.6679 6.9869 6.4714 7.046 6.5333 5.8797 6.4332 5.6951 6.0228 6.7181 5.6007 6.1494 5.6336 6.5856 5.8974 5.812 6.4346 6.5314 7.2399 5.504 6.0613 6.6125
0.86043 0.88607 0.37378 0.64367 0 1.4047 0.69051 0.67953 1.043 0.82607 1.6221 1.3959 1.1838 0.67415 0.33461 0.34245 0.43704 0.88442 1.6004 1.4264 0.98596 0.70226 1.2019 1.4516 0.5508 1.5362 0.37165 1.4731 0.57698 0.9552 0.59641 0.14496 1.233 0.36842 0.31748 1.6215 1.109 0.85002 0.77399 0.70695 0.19865 1.617 0.57317 1.2271 0.53235 0.73902 1.0548 1.5946 0.79256 1.4872 1.4169 1.4478 1.4789 1.5102 1.5416 1.5733 1.605 1.637 1.669 1.7012 1.7335 1.766 1.7985 1.8311 1.8639 1.8967 1.9296 1.9627 1.9957 2.0289 2.0622 2.0955 2.1288 2.1623 2.1958 2.2293 2.2629 2.2966 2.3303 2.3641 2.3979 2.4317 2.4656 2.4996 2.5335 2.5675 2.6016 2.6357 2.6698 2.7039 2.7381 2.7723 2.8065 2.8408 2.8751 2.9094 2.9438 2.9781 3.0125 3.0469 3.0813 3.1158 3.1503 3.1847 3.2193 3.2538 3.2883 3.3229 3.3575 3.3921 3.4267 3.4613 3.4959 3.5306 3.5652 3.5999 3.6346 3.6693 3.704 3.7388 3.7735 3.8083 3.843 3.8778 3.9126 3.9474 3.9822 4.017 4.0518 4.0867 4.1215 4.1564 4.1912 4.2261 4.261 4.2958 4.3307 4.3656 4.4005 4.4354 4.4704 4.5053 4.5402 4.5752 4.6101 4.6451 4.68 4.715 4.75 4.7849 4.8199 4.8549 4.8899 4.9249 5.8951 5.845 5.9103 5.3396 6.1484 6.3572 6.9053 5.4445 5.2775 6.5064 6.0655 5.3249 5.4957 6.692 6.0754 5.3473 6.3338 5.4615 5.895 5.4787 5.0855 5.8663 6.3057 6.0811 6.2766 5.5858 5.6459 5.7648 6.2615 6.5117 6.0796 6.6326 6.0391 5.4999 5.9661 5.2531 5.529 6.2926 5.1507 5.7039 5.2046 6.0788 5.4151 5.3978 6.0196 6.0914 6.8006 5.0783 5.6533 6.1858
1.4653 1.8145 1.6409 1.6015 1.4047 0 0.82705 1.7226 1.7739 0.7876 0.53611 0.10022 1.7731 1.3128 1.7069 1.2648 1.1182 1.3014 0.61466 0.09069 0.95199 1.5237 0.72126 0.18508 0.91125 0.16137 1.3173 1.464 0.83549 0.77317 0.86407 1.5204 1.3937 1.4227 1.0891 0.88519 0.59983 1.5189 0.73449 1.2619 1.2646 0.46917 0.83178 1.5563 1.6573 0.71308 1.4436 0.20713 0.61629 0.16475 0.32226 0.34524 0.37017 0.39669 0.42449 0.45336 0.48308 0.51352 0.54455 0.57609 0.60804 0.64035 0.67297 0.70585 0.73896 0.77226 0.80575 0.83938 0.87315 0.90705 0.94105 0.97514 1.0093 1.0436 1.0779 1.1123 1.1468 1.1813 1.2158 1.2504 1.2851 1.3198 1.3545 1.3892 1.424 1.4588 1.4936 1.5285 1.5634 1.5983 1.6332 1.6681 1.7031 1.738 1.773 1.808 1.843 1.8781 1.9131 1.9482 1.9832 2.0183 2.0534 2.0885 2.1236 2.1587 2.1938 2.2289 2.264 2.2992 2.3343 2.3695 2.4046 2.4398 2.4749 2.5101 2.5453 2.5805 2.6157 2.6509 2.6861 2.7213 2.7565 2.7917 2.8269 2.8621 2.8973 2.9325 2.9678 3.003 3.0382 3.0734 3.1087 3.1439 3.1792 3.2144 3.2497 3.2849 3.3202 3.3554 3.3907 3.4259 3.4612 3.4964 3.5317 3.567 3.6022 3.6375 3.6728 3.708 3.7433 3.7786 3.8139 3.8491 5.0002 4.6366 4.7855 4.2368 5.033 5.1882 5.8302 4.3588 4.3671 5.4082 4.9252 4.3707 4.2908 5.5813 5.0395 4.2559 5.2704 4.382 4.8657 4.2811 3.9803 4.9077 5.3768 5.1634 5.0961 4.6192 4.6783 4.7419 5.1133 5.5114 4.906 5.4957 5.0948 4.3084 4.9503 4.185 4.5899 5.181 4.1022 4.6395 4.1085 5.171 4.4455 4.2694 4.8889 5.0115 5.7148 3.9763 4.5112 5.0772
0.69685 1.0031 0.83536 0.7774 0.69051 0.82705 0 0.89658 1.0035 0.14679 0.93765 0.85542 1.0487 0.50838 0.93229 0.73683 0.30343 0.57172 0.91062 0.87883 0.39374 0.71059 0.52155 0.93656 0.49507 0.92385 0.49846 1.0073 0.36308 0.80677 0.11087 0.76686 0.82023 0.60395 0.40348 0.94442 0.41848 0.73898 0.095595 0.46945 0.63848 0.93963 0.30469 0.91757 0.83193 0.13401 0.75742 0.98375 0.28304 0.86276 0.96607 1.0014 1.0366 1.0719 1.1072 1.1425 1.1778 1.2132 1.2485 1.2838 1.3191 1.3544 1.3897 1.4251 1.4604 1.4957 1.531 1.5664 1.6017 1.637 1.6724 1.7077 1.743 1.7784 1.8137 1.849 1.8844 1.9197 1.955 1.9904 2.0257 2.0611 2.0964 2.1317 2.1671 2.2024 2.2378 2.2731 2.3084 2.3438 2.3791 2.4145 2.4498 2.4852 2.5205 2.5558 2.5912 2.6265 2.6619 2.6972 2.7326 2.7679 2.8033 2.8386 2.874 2.9093 2.9447 2.98 3.0154 3.0507 3.0861 3.1214 3.1568 3.1921 3.2274 3.2628 3.2981 3.3335 3.3688 3.4042 3.4395 3.4749 3.5102 3.5456 3.5809 3.6163 3.6516 3.687 3.7223 3.7577 3.793 3.8284 3.8637 3.8991 3.9345 3.9698 4.0052 4.0405 4.0759 4.1112 4.1466 4.1819 4.2173 4.2526 4.288 4.3233 4.3587 4.394 4.4294 4.4647 4.5001 4.5354 4.5708 4.6061 5.6889 5.4409 5.564 5.0056 5.8089 5.982 6.5938 5.1218 5.059 6.179 5.7092 5.0814 5.0934 6.3569 5.7862 5.0206 6.0283 5.1428 5.6092 5.0815 4.7489 5.623 6.0816 5.8626 5.8932 5.3364 5.3962 5.4824 5.9003 6.2458 5.7006 6.2799 5.8049 5.1071 5.6889 4.9407 5.2954 5.9559 4.8499 5.3956 4.8743 5.866 5.1631 5.0475 5.6696 5.7747 6.482 4.7437 5.2947 5.8508
0.4322 0.21288 0.34133 0.12697 0.67953 1.7226 0.89658 0 0.42123 0.94906 1.7313 1.7515 0.59414 0.441 0.50559 1.0147 0.62851 0.58618 1.6696 1.7753 0.91545 0.24571 1.2214 1.8308 1.1028 1.8098 0.44513 1.1039 1.052 1.5279 0.88024 0.56702 0.86746 0.36015 0.80145 1.5661 1.218 0.37699 0.98814 0.50328 0.85513 1.7566 1.0127 0.76536 0.15039 1.0194 0.64334 1.8691 1.1487 1.7446 1.8472 1.8819 1.9167 1.9515 1.9863 2.0211 2.056 2.0908 2.1257 2.1606 2.1955 2.2304 2.2654 2.3003 2.3353 2.3703 2.4052 2.4402 2.4752 2.5103 2.5453 2.5803 2.6154 2.6504 2.6855 2.7205 2.7556 2.7907 2.8258 2.8609 2.896 2.9311 2.9662 3.0013 3.0365 3.0716 3.1067 3.1419 3.177 3.2121 3.2473 3.2825 3.3176 3.3528 3.388 3.4231 3.4583 3.4935 3.5287 3.5639 3.5991 3.6343 3.6694 3.7046 3.7399 3.7751 3.8103 3.8455 3.8807 3.9159 3.9511 3.9864 4.0216 4.0568 4.092 4.1273 4.1625 4.1977 4.233 4.2682 4.3034 4.3387 4.3739 4.4092 4.4444 4.4797 4.5149 4.5502 4.5854 4.6207 4.656 4.6912 4.7265 4.7617 4.797 4.8323 4.8675 4.9028 4.9381 4.9733 5.0086 5.0439 5.0792 5.1144 5.1497 5.185 5.2203 5.2555 5.2908 5.3261 5.3614 5.3967 5.4319 5.4672 6.4985 6.3291 6.4365 5.8731 6.6794 6.8637 7.4549 5.9853 5.8743 7.0456 6.5851 5.9097 5.9809 7.2264 6.6371 5.8854 6.8863 6.0048 6.4584 5.9679 5.6169 6.4522 6.9015 6.6792 6.7769 6.1682 6.2282 6.3299 6.7779 7.0869 6.583 7.1552 6.6298 5.9924 6.5344 5.7999 6.1191 6.8256 5.7042 6.2539 5.7403 6.6795 5.9958 5.9206 6.5434 6.6369 7.3457 5.611 6.1708 6.7198
0.31032 0.23848 0.75182 0.40335 1.043 1.7739 1.0035 0.42123 0 0.99331 1.652 1.8244 0.17837 0.50269 0.92321 1.3528 0.83063 0.47514 1.5707 1.8423 0.84419 0.35188 1.1439 1.9135 1.3533 1.8269 0.71502 0.78237 1.2679 1.7581 1.0338 0.95544 0.58563 0.67812 1.0696 1.3988 1.1974 0.26464 1.0761 0.53423 1.1894 1.6942 1.2166 0.42556 0.55856 1.1375 0.39017 1.8827 1.2853 1.7563 1.9621 1.9974 2.0328 2.0681 2.1034 2.1388 2.1741 2.2095 2.2448 2.2802 2.3155 2.3509 2.3862 2.4216 2.4569 2.4923 2.5276 2.563 2.5983 2.6336 2.669 2.7043 2.7397 2.775 2.8104 2.8457 2.8811 2.9164 2.9518 2.9871 3.0225 3.0578 3.0932 3.1285 3.1639 3.1992 3.2346 3.27 3.3053 3.3407 3.376 3.4114 3.4467 3.4821 3.5174 3.5528 3.5881 3.6235 3.6588 3.6942 3.7295 3.7649 3.8002 3.8356 3.8709 3.9063 3.9416 3.977 4.0123 4.0477 4.083 4.1184 4.1538 4.1891 4.2245 4.2598 4.2952 4.3305 4.3659 4.4012 4.4366 4.4719 4.5073 4.5426 4.578 4.6133 4.6487 4.684 4.7194 4.7548 4.7901 4.8255 4.8608 4.8962 4.9315 4.9669 5.0022 5.0376 5.0729 5.1083 5.1436 5.179 5.2144 5.2497 5.2851 5.3204 5.3558 5.3911 5.4265 5.4618 5.4972 5.5325 5.5679 5.6032 6.6915 6.4102 6.5533 5.999 6.7996 6.9615 7.5898 6.1174 6.0621 7.1721 6.6954 6.0849 6.0646 7.3478 6.7863 6.0155 7.0258 6.1391 6.6099 6.0549 5.7422 6.6264 7.0851 6.8659 6.8698 6.3397 6.3995 6.4835 6.8847 7.248 6.6794 7.2662 6.8084 6.0822 6.6904 5.9383 6.2989 6.9471 5.8494 6.3934 5.8688 6.8691 6.1664 6.0368 6.6577 6.7705 7.4766 5.7375 6.2811 6.8426
0.68307 1.0275 0.93472 0.8244 0.82607 0.7876 0.14679 0.94906 0.99331 0 0.82138 0.83218 1.0135 0.52618 1.047 0.88348 0.4128 0.53126 0.78457 0.85132 0.27039 0.73821 0.37773 0.92035 0.62895 0.86224 0.59271 0.89279 0.49387 0.90076 0.25745 0.89173 0.72623 0.69494 0.54863 0.80023 0.29307 0.73397 0.12213 0.47435 0.78406 0.83164 0.43777 0.84601 0.90518 0.21314 0.70016 0.92117 0.3495 0.79601 0.9725 1.0077 1.043 1.0782 1.1134 1.1487 1.184 1.2192 1.2545 1.2898 1.325 1.3603 1.3956 1.4309 1.4662 1.5015 1.5368 1.5721 1.6074 1.6427 1.678 1.7133 1.7486 1.784 1.8193 1.8546 1.8899 1.9252 1.9605 1.9959 2.0312 2.0665 2.1018 2.1372 2.1725 2.2078 2.2432 2.2785 2.3138 2.3491 2.3845 2.4198 2.4551 2.4905 2.5258 2.5611 2.5965 2.6318 2.6672 2.7025 2.7378 2.7732 2.8085 2.8439 2.8792 2.9145 2.9499 2.9852 3.0206 3.0559 3.0912 3.1266 3.1619 3.1973 3.2326 3.2679 3.3033 3.3386 3.374 3.4093 3.4447 3.48 3.5154 3.5507 3.586 3.6214 3.6567 3.6921 3.7274 3.7628 3.7981 3.8335 3.8688 3.9042 3.9395 3.9749 4.0102 4.0455 4.0809 4.1162 4.1516 4.1869 4.2223 4.2576 4.293 4.3283 4.3637 4.399 4.4344 4.4697 4.5051 4.5404 4.5758 4.6111 5.7179 5.4221 5.56 5.0059 5.8063 5.97 6.5971 5.1247 5.0865 6.1789 5.7025 5.1032 5.0757 6.3545 5.796 5.0226 6.0337 5.1466 5.6201 5.0652 4.7491 5.6437 6.1061 5.8886 5.8791 5.3563 5.4159 5.4943 5.8921 6.2604 5.6881 6.2733 5.8275 5.0919 5.7016 4.9464 5.319 5.9538 4.8587 5.4015 4.8758 5.8933 5.1828 5.0435 5.6645 5.7778 6.4836 4.7444 5.2881 5.8493
1.3721 1.761 1.7553 1.6043 1.6221 0.53611 0.93765 1.7313 1.652 0.82138 0 0.63567 1.5978 1.2904 1.8669 1.5868 1.2326 1.1921 0.10698 0.61872 0.82419 1.4961 0.51456 0.70787 1.2475 0.42191 1.4134 1.1284 1.1317 1.2489 1.0257 1.7045 1.1441 1.5142 1.3149 0.40522 0.52875 1.4343 0.84911 1.2285 1.5354 0.077248 1.1014 1.3292 1.7112 0.88682 1.2714 0.43527 0.87937 0.37738 0.8554 0.87466 0.8949 0.91606 0.93807 0.96089 0.98444 1.0087 1.0336 1.059 1.0851 1.1116 1.1387 1.1661 1.194 1.2223 1.2509 1.2799 1.3092 1.3388 1.3686 1.3987 1.4291 1.4596 1.4904 1.5214 1.5526 1.5839 1.6154 1.6471 1.6789 1.7109 1.743 1.7752 1.8075 1.8399 1.8725 1.9051 1.9379 1.9707 2.0036 2.0366 2.0697 2.1028 2.1361 2.1694 2.2027 2.2361 2.2696 2.3031 2.3367 2.3703 2.404 2.4378 2.4715 2.5054 2.5392 2.5731 2.6071 2.641 2.6751 2.7091 2.7432 2.7773 2.8114 2.8456 2.8798 2.914 2.9483 2.9826 3.0169 3.0512 3.0856 3.1199 3.1543 3.1888 3.2232 3.2577 3.2921 3.3266 3.3611 3.3957 3.4302 3.4648 3.4994 3.534 3.5686 3.6032 3.6378 3.6725 3.7072 3.7418 3.7765 3.8112 3.8459 3.8807 3.9154 3.9502 3.9849 4.0197 4.0545 4.0893 4.1241 4.1589 5.3746 4.851 5.0541 4.5255 5.3044 5.4244 6.1165 4.6553 4.7429 5.6855 5.1827 4.7292 4.5125 5.8499 5.3533 4.5506 5.5679 4.6815 5.1845 4.5083 4.2716 5.2579 5.7345 5.5275 5.3254 4.9694 5.0272 5.0653 5.3638 5.8374 5.1422 5.7495 5.4489 4.5397 5.2747 4.4933 4.9517 5.4529 4.4217 4.9435 4.4029 5.5388 4.7966 4.5427 5.1527 5.303 5.9963 4.2695 4.7727 5.3521
1.5146 1.8534 1.6507 1.6328 1.3959 0.10022 0.85542 1.7515 1.8244 0.83218 0.63567 0 1.8319 1.3526 1.7068 1.2332 1.1366 1.3555 0.71488 0.033094 1.016 1.5613 0.80237 0.095088 0.88287 0.24226 1.3352 1.5468 0.8204 0.70282 0.8803 1.5173 1.4665 1.4399 1.0842 0.98404 0.67108 1.5661 0.76641 1.3045 1.2457 0.5677 0.82379 1.6245 1.6787 0.73357 1.5052 0.27398 0.62081 0.26113 0.22221 0.24616 0.27261 0.3009 0.33055 0.36122 0.39269 0.42477 0.45733 0.49028 0.52354 0.55706 0.59079 0.6247 0.65877 0.69296 0.72727 0.76167 0.79616 0.83071 0.86534 0.90002 0.93475 0.96952 1.0043 1.0392 1.0741 1.109 1.1439 1.1789 1.2139 1.2489 1.2839 1.319 1.354 1.3891 1.4242 1.4593 1.4944 1.5295 1.5647 1.5998 1.635 1.6702 1.7053 1.7405 1.7757 1.8109 1.8461 1.8813 1.9165 1.9517 1.9869 2.0222 2.0574 2.0926 2.1279 2.1631 2.1983 2.2336 2.2688 2.3041 2.3394 2.3746 2.4099 2.4452 2.4804 2.5157 2.551 2.5862 2.6215 2.6568 2.6921 2.7274 2.7627 2.7979 2.8332 2.8685 2.9038 2.9391 2.9744 3.0097 3.045 3.0803 3.1156 3.1509 3.1862 3.2215 3.2568 3.2921 3.3274 3.3627 3.3981 3.4334 3.4687 3.504 3.5393 3.5746 3.6099 3.6452 3.6806 3.7159 3.7512 3.7865 4.9246 4.5908 4.7295 4.1776 4.9763 5.1378 5.7701 4.2981 4.2917 5.35 4.8711 4.2985 4.2441 5.5246 4.9749 4.1955 5.2086 4.3207 4.8003 4.2333 3.9209 4.8366 5.3041 5.0896 5.047 4.5483 4.6075 4.6758 5.0603 5.4443 4.8559 5.4418 5.0228 4.2599 4.8839 4.1222 4.5168 5.124 4.0374 4.577 4.0484 5.0965 4.3746 4.2131 4.8336 4.9511 5.6556 3.9166 4.4568 5.0198
0.36456 0.41672 0.91593 0.55957 1.1838 1.7731 1.0487 0.59414 0.17837 1.0135 1.5978 1.8319 0 0.58012 1.0902 1.4784 0.92162 0.48255 1.5095 1.847 0.82342 0.48155 1.104 1.9238 1.4433 1.8107 0.83584 0.63906 1.3463 1.8328 1.0959 1.1075 0.47648 0.81542 1.1738 1.3113 1.1806 0.34681 1.1101 0.59409 1.3161 1.6464 1.2916 0.29436 0.72497 1.1812 0.33276 1.8641 1.3314 1.739 1.9853 2.0204 2.0555 2.0907 2.1258 2.161 2.1961 2.2313 2.2665 2.3016 2.3368 2.372 2.4072 2.4424 2.4776 2.5128 2.548 2.5832 2.6185 2.6537 2.6889 2.7241 2.7594 2.7946 2.8298 2.8651 2.9003 2.9356 2.9708 3.0061 3.0413 3.0766 3.1119 3.1471 3.1824 3.2176 3.2529 3.2882 3.3234 3.3587 3.394 3.4293 3.4646 3.4998 3.5351 3.5704 3.6057 3.641 3.6762 3.7115 3.7468 3.7821 3.8174 3.8527 3.888 3.9233 3.9586 3.9939 4.0292 4.0645 4.0998 4.1351 4.1704 4.2057 4.241 4.2763 4.3116 4.3469 4.3822 4.4175 4.4528 4.4881 4.5234 4.5588 4.5941 4.6294 4.6647 4.7 4.7353 4.7706 4.8059 4.8413 4.8766 4.9119 4.9472 4.9825 5.0178 5.0532 5.0885 5.1238 5.1591 5.1944 5.2298 5.2651 5.3004 5.3357 5.3711 5.4064 5.4417 5.477 5.5124 5.5477 5.583 5.6183 6.7307 6.4002 6.5586 6.0091 6.8061 6.9581 7.6019 6.13 6.0996 7.1809 6.6978 6.1167 6.0562 7.3543 6.8057 6.0273 7.0405 6.1526 6.6304 6.048 5.7524 6.6571 7.1195 6.902 6.8643 6.3696 6.4291 6.5052 6.8853 7.2722 6.6756 7.2682 6.8409 6.0764 6.7128 5.954 6.3325 6.954 5.8682 6.4089 5.8802 6.9065 6.196 6.0425 6.6618 6.7829 7.4871 5.7482 6.2839 6.8502
0.21631 0.50166 0.55459 0.31413 0.67415 1.3128 0.50838 0.441 0.50269 0.52618 1.2904 1.3526 0.58012 0 0.71863 0.92354 0.3421 0.21541 1.229 1.3735 0.47695 0.21267 0.78079 1.4377 0.86322 1.3869 0.30256 0.80837 0.76923 1.2584 0.53123 0.64699 0.56398 0.33987 0.59872 1.1384 0.78065 0.24071 0.58892 0.063235 0.76636 1.3166 0.71624 0.55653 0.44256 0.6415 0.38184 1.4454 0.7867 1.3195 1.474 1.5093 1.5446 1.5799 1.6153 1.6506 1.6859 1.7213 1.7566 1.7919 1.8272 1.8626 1.8979 1.9332 1.9686 2.0039 2.0393 2.0746 2.1099 2.1453 2.1806 2.2159 2.2513 2.2866 2.322 2.3573 2.3926 2.428 2.4633 2.4987 2.534 2.5694 2.6047 2.64 2.6754 2.7107 2.7461 2.7814 2.8168 2.8521 2.8875 2.9228 2.9582 2.9935 3.0288 3.0642 3.0995 3.1349 3.1702 3.2056 3.2409 3.2763 3.3116 3.347 3.3823 3.4177 3.453 3.4884 3.5237 3.5591 3.5944 3.6298 3.6651 3.7005 3.7358 3.7712 3.8065 3.8419 3.8772 3.9126 3.9479 3.9833 4.0186 4.054 4.0893 4.1247 4.16 4.1954 4.2307 4.2661 4.3014 4.3368 4.3721 4.4075 4.4428 4.4782 4.5135 4.5489 4.5842 4.6196 4.6549 4.6903 4.7256 4.761 4.7963 4.8317 4.8671 4.9024 4.9378 4.9731 5.0085 5.0438 5.0792 5.1145 6.1909 5.9431 6.0715 5.5137 6.3166 6.4873 7.1022 5.6302 5.5619 6.6871 6.2161 5.5868 5.5961 6.8647 6.2943 5.5289 6.5366 5.6512 6.1172 5.585 5.257 6.1286 6.5858 6.3661 6.3977 5.8424 5.9022 5.9903 6.4068 6.7532 6.2057 6.7869 6.3099 5.6111 6.1966 5.449 5.8 6.4638 5.3581 5.904 5.3826 6.3689 5.6692 5.5549 6.1769 6.283 6.9902 5.2519 5.8016 6.3588
0.84068 0.71509 0.17727 0.53527 0.33461 1.7069 0.93229 0.50559 0.92321 1.047 1.8669 1.7068 1.0902 0.71863 0 0.6522 0.63443 0.92966 1.8311 1.7362 1.1407 0.64348 1.4035 1.768 0.8837 1.829 0.46844 1.5147 0.89751 1.2894 0.85896 0.19394 1.2686 0.38651 0.62406 1.8066 1.3399 0.80679 1.0251 0.77217 0.52952 1.8717 0.88477 1.2126 0.36527 1.011 1.0588 1.8884 1.0907 1.775 1.7422 1.7739 1.8057 1.8377 1.8697 1.9019 1.9342 1.9666 1.9991 2.0317 2.0644 2.0972 2.1301 2.163 2.196 2.2291 2.2623 2.2955 2.3288 2.3621 2.3955 2.429 2.4625 2.496 2.5296 2.5633 2.597 2.6307 2.6645 2.6984 2.7322 2.7661 2.8001 2.834 2.868 2.9021 2.9361 2.9702 3.0044 3.0385 3.0727 3.1069 3.1412 3.1754 3.2097 3.244 3.2783 3.3127 3.3471 3.3815 3.4159 3.4503 3.4847 3.5192 3.5537 3.5882 3.6227 3.6573 3.6918 3.7264 3.7609 3.7955 3.8302 3.8648 3.8994 3.9341 3.9687 4.0034 4.0381 4.0728 4.1075 4.1422 4.1769 4.2117 4.2464 4.2812 4.3159 4.3507 4.3855 4.4203 4.4551 4.4899 4.5247 4.5596 4.5944 4.6292 4.6641 4.699 4.7338 4.7687 4.8036 4.8385 4.8734 4.9083 4.9432 4.9781 5.013 5.048 5.0829 5.1178 5.1528 5.1877 5.2227 5.2576 6.2163 6.1796 6.2441 5.6729 6.4818 6.6917 7.2369 5.7772 5.601 6.8391 6.3995 5.6512 5.8303 7.025 6.4056 5.6803 6.6651 5.794 6.225 5.8133 5.4191 6.1922 6.6288 6.4037 6.6112 5.9125 5.9726 6.0945 6.5956 6.8395 6.4141 6.9664 6.3638 5.8345 6.2953 5.5853 5.854 6.6258 5.4822 6.0356 5.5378 6.4007 5.7422 5.7318 6.3534 6.4236 7.1326 5.4118 5.9875 6.519
1.1314 1.216 0.71601 0.9649 0.34245 1.2648 0.73683 1.0147 1.3528 0.88348 1.5868 1.2332 1.4784 0.92354 0.6522 0 0.60556 1.1129 1.5878 1.2659 1.1086 1.0025 1.2511 1.2705 0.35413 1.414 0.64258 1.6729 0.45534 0.67165 0.62604 0.48085 1.4471 0.67735 0.35466 1.6712 1.1228 1.1339 0.79092 0.93859 0.1634 1.5655 0.4874 1.4764 0.87058 0.7224 1.3001 1.4683 0.7078 1.3779 1.2057 1.2325 1.2597 1.2873 1.3153 1.3436 1.3722 1.4012 1.4304 1.4599 1.4897 1.5197 1.55 1.5804 1.611 1.6419 1.6729 1.7041 1.7354 1.7669 1.7985 1.8303 1.8622 1.8943 1.9264 1.9586 1.991 2.0235 2.056 2.0887 2.1214 2.1542 2.1871 2.2201 2.2531 2.2862 2.3194 2.3526 2.3859 2.4193 2.4527 2.4862 2.5197 2.5533 2.5869 2.6206 2.6543 2.688 2.7218 2.7556 2.7895 2.8234 2.8574 2.8913 2.9253 2.9594 2.9934 3.0275 3.0617 3.0958 3.13 3.1642 3.1984 3.2327 3.267 3.3013 3.3356 3.3699 3.4043 3.4387 3.4731 3.5075 3.542 3.5764 3.6109 3.6454 3.6799 3.7144 3.749 3.7835 3.8181 3.8527 3.8873 3.9219 3.9565 3.9912 4.0258 4.0605 4.0952 4.1299 4.1646 4.1993 4.234 4.2687 4.3035 4.3382 4.373 4.4077 4.4425 4.4773 4.5121 4.5469 4.5817 4.6165 5.5641 5.5589 5.6069 5.034 5.8428 6.0611 6.592 5.1359 4.949 6.1972 5.7645 5.0002 5.2098 6.3844 5.7582 5.0399 6.0198 5.1519 5.5774 5.1912 4.7813 5.5409 5.9768 5.7516 5.9831 5.2618 5.3219 5.4467 5.9614 6.1895 5.7851 6.3297 5.7121 5.2109 5.6467 4.9425 5.2025 5.986 4.8377 5.3914 4.8984 5.7485 5.0918 5.0965 5.7169 5.7803 6.489 4.7735 5.3537 5.879
0.5584 0.771 0.53196 0.52188 0.43704 1.1182 0.30343 0.62851 0.83063 0.4128 1.2326 1.1366 0.92162 0.3421 0.63443 0.60556 0 0.5104 1.1973 1.1625 0.54898 0.49168 0.77743 1.2113 0.52347 1.2234 0.19904 1.07 0.44067 0.93021 0.25649 0.48226 0.84167 0.30452 0.26144 1.1917 0.70553 0.57783 0.3987 0.34195 0.46125 1.2389 0.39353 0.87752 0.54244 0.40517 0.70143 1.2833 0.52289 1.1639 1.2201 1.2547 1.2893 1.3239 1.3586 1.3933 1.4281 1.4628 1.4976 1.5324 1.5673 1.6022 1.637 1.672 1.7069 1.7418 1.7768 1.8118 1.8468 1.8818 1.9168 1.9518 1.9869 2.0219 2.057 2.092 2.1271 2.1622 2.1973 2.2324 2.2675 2.3027 2.3378 2.3729 2.4081 2.4432 2.4784 2.5135 2.5487 2.5839 2.619 2.6542 2.6894 2.7246 2.7598 2.795 2.8302 2.8654 2.9006 2.9358 2.971 3.0063 3.0415 3.0767 3.1119 3.1472 3.1824 3.2176 3.2529 3.2881 3.3234 3.3586 3.3939 3.4291 3.4644 3.4996 3.5349 3.5701 3.6054 3.6407 3.6759 3.7112 3.7465 3.7817 3.817 3.8523 3.8875 3.9228 3.9581 3.9934 4.0287 4.0639 4.0992 4.1345 4.1698 4.2051 4.2404 4.2756 4.3109 4.3462 4.3815 4.4168 4.4521 4.4874 4.5227 4.558 4.5933 4.6286 4.6639 4.6992 4.7345 4.7698 4.8051 4.8404 5.8873 5.7019 5.8082 5.2453 6.0513 6.2353 6.8283 5.3582 5.2607 6.4181 5.9566 5.2917 5.3535 6.5985 6.0127 5.258 6.2603 5.3779 5.8344 5.3402 4.989 5.8341 6.2868 6.0656 6.1487 5.5491 5.6091 5.7063 6.1494 6.4653 5.9547 6.5268 6.0132 5.3646 5.9114 5.1735 5.5027 6.1976 5.0788 5.6278 5.1127 6.067 5.3764 5.2923 5.915 6.01 6.7186 4.9832 5.5423 6.0919
0.18014 0.57178 0.76124 0.46884 0.88442 1.3014 0.57172 0.58618 0.47514 0.53126 1.1921 1.3555 0.48255 0.21541 0.92966 1.1129 0.5104 0 1.1178 1.3721 0.37219 0.34118 0.6785 1.4461 1.005 1.3517 0.51448 0.59305 0.89394 1.3703 0.63117 0.8623 0.34938 0.55492 0.77144 0.98512 0.72248 0.24277 0.6284 0.17803 0.96126 1.2292 0.83647 0.36837 0.62704 0.70224 0.19423 1.4075 0.85246 1.2811 1.5036 1.5388 1.574 1.6092 1.6444 1.6796 1.7148 1.7501 1.7853 1.8205 1.8558 1.891 1.9263 1.9615 1.9968 2.032 2.0673 2.1026 2.1378 2.1731 2.2084 2.2437 2.2789 2.3142 2.3495 2.3848 2.4201 2.4554 2.4907 2.526 2.5613 2.5966 2.6319 2.6672 2.7025 2.7378 2.7731 2.8084 2.8437 2.879 2.9143 2.9496 2.9849 3.0202 3.0555 3.0909 3.1262 3.1615 3.1968 3.2321 3.2674 3.3028 3.3381 3.3734 3.4087 3.4441 3.4794 3.5147 3.55 3.5854 3.6207 3.656 3.6913 3.7267 3.762 3.7973 3.8326 3.868 3.9033 3.9386 3.974 4.0093 4.0446 4.08 4.1153 4.1506 4.186 4.2213 4.2566 4.292 4.3273 4.3626 4.398 4.4333 4.4686 4.504 4.5393 4.5746 4.61 4.6453 4.6807 4.716 4.7513 4.7867 4.822 4.8573 4.8927 4.928 4.9634 4.9987 5.034 5.0694 5.1047 5.1401 6.2482 5.9365 6.0849 5.5329 6.3318 6.4897 7.125 5.6527 5.6171 6.7055 6.2258 5.6344 5.5913 6.8801 6.3261 5.5504 6.5625 5.675 6.1504 5.582 5.2762 6.175 6.6371 6.4195 6.3973 5.8876 5.9472 6.0249 6.4143 6.7913 6.2074 6.7964 6.3586 5.6096 6.2323 5.4755 5.8501 6.4795 5.3887 5.9305 5.4034 6.4239 5.714 5.5685 6.1888 6.3058 7.0109 5.2718 5.8116 6.3753
1.2979 1.689 1.7121 1.543 1.6004 0.61466 0.91062 1.6696 1.5707 0.78457 0.10698 0.71488 1.5095 1.229 1.8311 1.5878 1.1973 1.1178 0 0.70101 0.75591 1.4309 0.44819 0.79271 1.2572 0.51515 1.3712 1.0252 1.1355 1.2935 1.0054 1.6751 1.05 1.4696 1.2998 0.29913 0.49303 1.3606 0.82696 1.1664 1.5259 0.18184 1.1004 1.2363 1.6575 0.87457 1.1864 0.53419 0.88534 0.46357 0.9367 0.95814 0.98039 1.0034 1.0271 1.0514 1.0764 1.1019 1.128 1.1546 1.1816 1.209 1.2369 1.2651 1.2937 1.3226 1.3518 1.3813 1.4111 1.4411 1.4713 1.5018 1.5325 1.5634 1.5945 1.6257 1.6571 1.6887 1.7204 1.7523 1.7842 1.8164 1.8486 1.8809 1.9134 1.9459 1.9786 2.0113 2.0441 2.077 2.11 2.1431 2.1762 2.2094 2.2427 2.276 2.3094 2.3429 2.3764 2.4099 2.4436 2.4772 2.5109 2.5447 2.5785 2.6123 2.6462 2.6801 2.714 2.748 2.782 2.8161 2.8502 2.8843 2.9184 2.9526 2.9868 3.021 3.0553 3.0895 3.1238 3.1582 3.1925 3.2269 3.2613 3.2957 3.3301 3.3646 3.399 3.4335 3.468 3.5025 3.5371 3.5716 3.6062 3.6408 3.6754 3.71 3.7446 3.7792 3.8139 3.8486 3.8832 3.9179 3.9526 3.9873 4.0221 4.0568 4.0915 4.1263 4.1611 4.1958 4.2306 4.2654 5.4814 4.9534 5.1593 4.6315 5.4096 5.528 6.2222 4.7614 4.8497 5.7909 5.2873 4.8362 4.6155 5.955 5.4598 4.6568 5.674 4.7878 5.2912 4.6116 4.3777 5.3649 5.8415 5.6345 5.4285 5.0764 5.1342 5.172 5.4681 5.9441 5.2457 5.8539 5.5559 4.6432 5.3814 4.5998 5.0586 5.5581 4.5284 5.0499 4.5091 5.6457 4.9036 4.6481 5.2576 5.409 6.1018 4.3756 4.8776 5.4574
1.5328 1.8747 1.6784 1.656 1.4264 0.09069 0.87883 1.7753 1.8423 0.85132 0.61872 0.033094 1.847 1.3735 1.7362 1.2659 1.1625 1.3721 0.70101 0 1.0289 1.5829 0.8075 0.094414 0.91518 0.21618 1.3613 1.5513 0.85141 0.73474 0.9064 1.5471 1.4759 1.4662 1.114 0.97484 0.68069 1.585 0.78884 1.3246 1.2773 0.54909 0.85391 1.636 1.7041 0.7586 1.5192 0.24416 0.64874 0.24187 0.23668 0.25715 0.28059 0.30633 0.33383 0.3627 0.39263 0.4234 0.45483 0.4868 0.51922 0.55199 0.58506 0.61839 0.65193 0.68565 0.71953 0.75355 0.78768 0.82192 0.85624 0.89065 0.92513 0.95967 0.99427 1.0289 1.0636 1.0984 1.1331 1.168 1.2028 1.2377 1.2726 1.3075 1.3424 1.3774 1.4124 1.4474 1.4824 1.5175 1.5525 1.5876 1.6227 1.6577 1.6928 1.728 1.7631 1.7982 1.8333 1.8685 1.9036 1.9388 1.974 2.0091 2.0443 2.0795 2.1147 2.1499 2.1851 2.2203 2.2555 2.2907 2.326 2.3612 2.3964 2.4317 2.4669 2.5021 2.5374 2.5726 2.6079 2.6431 2.6784 2.7136 2.7489 2.7842 2.8194 2.8547 2.89 2.9252 2.9605 2.9958 3.0311 3.0663 3.1016 3.1369 3.1722 3.2075 3.2427 3.278 3.3133 3.3486 3.3839 3.4192 3.4545 3.4898 3.5251 3.5604 3.5957 3.631 3.6663 3.7016 3.7369 3.7722 4.916 4.5708 4.7128 4.162 4.9598 5.1193 5.7549 4.2831 4.2829 5.3341 4.8537 4.2882 4.2243 5.5081 4.9614 4.1804 5.194 4.3059 4.7871 4.2139 3.9054 4.8259 5.2941 5.0801 5.0281 4.5375 4.5966 4.6629 5.0426 5.4318 4.8372 5.4244 5.0125 4.2407 4.8711 4.108 4.5069 5.1076 4.0239 4.5627 4.0331 5.0873 4.3637 4.1965 4.8166 4.936 5.6401 3.9012 4.4395 5.0036
0.55082 0.93704 0.99771 0.78938 0.98596 0.95199 0.39374 0.91545 0.84419 0.27039 0.82419 1.016 0.82342 0.47695 1.1407 1.1086 0.54898 0.37219 0.75591 1.0289 0 0.67512 0.3097 1.1096 0.88877 0.98805 0.67319 0.62247 0.75598 1.17 0.49835 1.0179 0.46847 0.75764 0.75715 0.66963 0.35735 0.61197 0.39252 0.41377 0.98806 0.85837 0.69805 0.61059 0.91518 0.48345 0.49211 1.0423 0.61697 0.91661 1.1856 1.2199 1.2543 1.2888 1.3233 1.3578 1.3924 1.427 1.4617 1.4964 1.5311 1.5658 1.6006 1.6354 1.6702 1.7051 1.7399 1.7748 1.8097 1.8446 1.8796 1.9145 1.9495 1.9845 2.0195 2.0545 2.0895 2.1245 2.1596 2.1946 2.2297 2.2647 2.2998 2.3349 2.37 2.4051 2.4402 2.4753 2.5105 2.5456 2.5807 2.6159 2.651 2.6862 2.7213 2.7565 2.7916 2.8268 2.862 2.8972 2.9324 2.9675 3.0027 3.0379 3.0731 3.1083 3.1435 3.1788 3.214 3.2492 3.2844 3.3196 3.3549 3.3901 3.4253 3.4606 3.4958 3.531 3.5663 3.6015 3.6368 3.672 3.7073 3.7425 3.7778 3.813 3.8483 3.8835 3.9188 3.954 3.9893 4.0246 4.0598 4.0951 4.1304 4.1657 4.2009 4.2362 4.2715 4.3068 4.342 4.3773 4.4126 4.4479 4.4832 4.5184 4.5537 4.589 4.6243 4.6596 4.6949 4.7302 4.7655 4.8008 5.935 5.5773 5.7365 5.1887 5.9843 6.1347 6.7822 5.3108 5.3025 6.3599 5.875 5.3128 5.2331 6.5325 5.9903 5.2079 6.2223 5.3339 5.816 5.2247 4.9322 5.8516 6.3177 6.1023 6.041 5.5635 5.6227 5.6916 6.0622 6.4603 5.8522 6.4453 6.0372 5.2531 5.8998 5.1365 5.5304 6.1323 5.0528 5.5912 5.0605 6.1083 5.3897 5.2206 5.8394 5.9635 6.6667 4.9283 5.4613 6.0288
0.20263 0.29257 0.46646 0.12927 0.70226 1.5237 0.71059 0.24571 0.35188 0.73821 1.4961 1.5613 0.48155 0.21267 0.64348 1.0025 0.49168 0.34118 1.4309 1.5829 0.67512 0 0.98345 1.6451 1.009 1.5995 0.36314 0.88513 0.93235 1.4217 0.71832 0.63145 0.64214 0.33387 0.72005 1.3208 0.99179 0.16332 0.79547 0.27027 0.83935 1.5249 0.88431 0.56934 0.30008 0.84137 0.42251 1.658 0.98212 1.5322 1.676 1.7112 1.7464 1.7817 1.8169 1.8522 1.8874 1.9227 1.9579 1.9932 2.0284 2.0637 2.099 2.1342 2.1695 2.2048 2.2401 2.2753 2.3106 2.3459 2.3812 2.4165 2.4518 2.4871 2.5224 2.5577 2.593 2.6283 2.6636 2.6989 2.7342 2.7695 2.8048 2.8401 2.8754 2.9107 2.946 2.9813 3.0167 3.052 3.0873 3.1226 3.1579 3.1932 3.2286 3.2639 3.2992 3.3345 3.3698 3.4052 3.4405 3.4758 3.5111 3.5465 3.5818 3.6171 3.6524 3.6878 3.7231 3.7584 3.7937 3.8291 3.8644 3.8997 3.9351 3.9704 4.0057 4.0411 4.0764 4.1117 4.1471 4.1824 4.2177 4.2531 4.2884 4.3237 4.3591 4.3944 4.4297 4.4651 4.5004 4.5357 4.5711 4.6064 4.6418 4.6771 4.7124 4.7478 4.7831 4.8184 4.8538 4.8891 4.9245 4.9598 4.9951 5.0305 5.0658 5.1012 5.1365 5.1719 5.2072 5.2425 5.2779 5.3132 6.3756 6.1506 6.2738 5.7144 6.5184 6.6926 7.3013 5.8297 5.7481 6.8878 6.4195 5.7764 5.8033 7.0662 6.4904 5.7288 6.7347 5.8503 6.3127 5.7917 5.4578 6.3186 6.7734 6.5527 6.6037 6.033 6.093 6.1853 6.6108 6.9465 6.4112 6.9902 6.4987 5.8175 6.3911 5.6473 5.9885 6.6653 5.555 6.1021 5.5828 6.5547 5.86 5.7574 6.3796 6.4823 7.1901 5.4524 6.005 6.5601
0.85832 1.2465 1.2749 1.0948 1.2019 0.72126 0.52155 1.2214 1.1439 0.37773 0.51456 0.80237 1.104 0.78079 1.4035 1.2511 0.77743 0.6785 0.44819 0.8075 0.3097 0.98345 0 0.89731 0.96337 0.72216 0.93737 0.74457 0.82875 1.1373 0.62954 1.2597 0.68208 1.032 0.92503 0.42287 0.16483 0.92017 0.46035 0.71819 1.1599 0.55107 0.77983 0.85596 1.2113 0.53593 0.7723 0.77112 0.61256 0.65021 1.0011 1.0327 1.0646 1.0967 1.1289 1.1614 1.194 1.2267 1.2596 1.2926 1.3258 1.3591 1.3924 1.4259 1.4594 1.4931 1.5268 1.5605 1.5944 1.6283 1.6623 1.6963 1.7304 1.7645 1.7987 1.8329 1.8672 1.9015 1.9359 1.9702 2.0047 2.0391 2.0736 2.1081 2.1426 2.1772 2.2118 2.2464 2.281 2.3157 2.3503 2.385 2.4198 2.4545 2.4892 2.524 2.5588 2.5936 2.6284 2.6632 2.6981 2.7329 2.7678 2.8027 2.8376 2.8725 2.9074 2.9423 2.9772 3.0122 3.0471 3.0821 3.1171 3.1521 3.187 3.222 3.257 3.2921 3.3271 3.3621 3.3971 3.4322 3.4672 3.5023 3.5373 3.5724 3.6075 3.6425 3.6776 3.7127 3.7478 3.7829 3.818 3.8531 3.8882 3.9233 3.9584 3.9936 4.0287 4.0638 4.099 4.1341 4.1692 4.2044 4.2395 4.2747 4.3098 4.345 4.3802 4.4153 4.4505 4.4857 4.5208 4.556 5.7209 5.3036 5.4785 4.937 5.7274 5.867 6.531 5.0619 5.0877 6.1053 5.6136 5.0895 4.9611 6.275 5.7487 4.9583 5.9747 5.0862 5.5762 4.9542 4.6811 5.6254 6.0958 5.8832 5.7713 5.3368 5.3956 5.4536 5.7987 6.2243 5.5845 6.183 5.8132 4.9837 5.6624 4.8918 5.3091 5.8757 4.8123 5.3454 4.8106 5.8911 5.1631 4.9637 5.5799 5.7135 6.4137 4.6778 5.2008 5.773
1.6033 1.9375 1.7188 1.7135 1.4516 0.18508 0.93656 1.8308 1.9135 0.92035 0.70787 0.095088 1.9238 1.4377 1.768 1.2705 1.2113 1.4461 0.79271 0.094414 1.1096 1.6451 0.89731 0 0.9255 0.29443 1.4091 1.6417 0.87457 0.70182 0.95492 1.5769 1.5613 1.5131 1.144 1.0687 0.76593 1.6541 0.84965 1.3908 1.2939 0.63657 0.88324 1.7186 1.7538 0.81146 1.5979 0.30951 0.69078 0.33057 0.15206 0.1671 0.18768 0.21219 0.23942 0.26856 0.29904 0.33049 0.36266 0.39538 0.42851 0.46198 0.49571 0.52965 0.56376 0.59802 0.6324 0.66688 0.70145 0.73609 0.7708 0.80556 0.84037 0.87523 0.91012 0.94505 0.98001 1.015 1.05 1.085 1.1201 1.1552 1.1903 1.2254 1.2605 1.2956 1.3308 1.3659 1.4011 1.4363 1.4714 1.5066 1.5418 1.577 1.6122 1.6475 1.6827 1.7179 1.7531 1.7884 1.8236 1.8589 1.8941 1.9294 1.9646 1.9999 2.0352 2.0704 2.1057 2.141 2.1763 2.2115 2.2468 2.2821 2.3174 2.3527 2.388 2.4233 2.4586 2.4939 2.5292 2.5645 2.5998 2.6351 2.6704 2.7057 2.741 2.7763 2.8116 2.8469 2.8822 2.9175 2.9528 2.9881 3.0235 3.0588 3.0941 3.1294 3.1647 3.2001 3.2354 3.2707 3.306 3.3413 3.3767 3.412 3.4473 3.4826 3.518 3.5533 3.5886 3.6239 3.6593 3.6946 4.8298 4.5056 4.6398 4.0868 4.8863 5.0504 5.6789 4.2067 4.1969 5.2595 4.7821 4.2041 4.1585 5.4346 4.8823 4.1043 5.1169 4.2291 4.7075 4.1473 3.8301 4.7425 5.2096 4.995 4.9603 4.4542 4.5134 4.5828 4.9718 5.351 4.7687 5.3529 4.9285 4.1735 4.7908 4.0302 4.4224 5.0339 3.9448 4.4851 3.9573 5.0018 4.2805 4.1233 4.7442 4.8598 5.5648 3.8256 4.3677 4.9296
1.0789 1.2741 0.88188 1.0168 0.5508 0.91125 0.49507 1.1028 1.3533 0.62895 1.2475 0.88287 1.4433 0.86322 0.8837 0.35413 0.52347 1.005 1.2572 0.91518 0.88877 1.009 0.96337 0.9255 0 1.0598 0.66302 1.4987 0.13592 0.4263 0.39525 0.69018 1.299 0.74298 0.30147 1.3711 0.81796 1.1011 0.51506 0.85378 0.37293 1.2214 0.19131 1.371 0.98162 0.42989 1.1992 1.1142 0.37226 1.0242 0.8743 0.90372 0.93355 0.96376 0.9943 1.0252 1.0563 1.0877 1.1193 1.1512 1.1832 1.2154 1.2478 1.2804 1.3131 1.3459 1.3789 1.412 1.4451 1.4784 1.5118 1.5453 1.5788 1.6124 1.6461 1.6799 1.7137 1.7476 1.7816 1.8156 1.8496 1.8837 1.9179 1.9521 1.9863 2.0206 2.0549 2.0892 2.1236 2.158 2.1924 2.2269 2.2614 2.2959 2.3304 2.365 2.3996 2.4342 2.4688 2.5035 2.5382 2.5728 2.6076 2.6423 2.677 2.7118 2.7466 2.7813 2.8161 2.851 2.8858 2.9206 2.9555 2.9904 3.0252 3.0601 3.095 3.1299 3.1648 3.1998 3.2347 3.2697 3.3046 3.3396 3.3745 3.4095 3.4445 3.4795 3.5145 3.5495 3.5845 3.6196 3.6546 3.6896 3.7247 3.7597 3.7948 3.8298 3.8649 3.9 3.935 3.9701 4.0052 4.0403 4.0754 4.1105 4.1456 4.1807 4.2158 4.2509 4.286 4.3211 4.3563 4.3914 5.397 5.2977 5.3721 4.8033 5.6117 5.8141 6.3757 4.9108 4.774 5.9727 5.5254 4.813 4.9484 6.1566 5.5508 4.8126 5.8052 4.9287 5.3712 4.932 4.5484 5.3553 5.8017 5.5788 5.7321 5.0724 5.1325 5.2417 5.7207 5.9944 5.5357 6.0936 5.5314 4.9537 5.4448 4.7216 5.0207 5.7566 4.6219 5.1739 4.6689 5.5786 4.9006 4.8583 5.4807 5.5598 6.2692 4.5415 5.1125 5.6501
1.5227 1.8865 1.7526 1.686 1.5362 0.16137 0.92385 1.8098 1.8269 0.86224 0.42191 0.24226 1.8107 1.3869 1.829 1.414 1.2234 1.3517 0.51515 0.21618 0.98805 1.5995 0.72216 0.29443 1.0598 0 1.4212 1.4475 0.97575 0.93437 0.97489 1.6462 1.4042 1.5269 1.2189 0.80526 0.63091 1.5794 0.82869 1.3323 1.4051 0.34747 0.96653 1.576 1.755 0.82189 1.4783 0.059942 0.74364 0.072085 0.44612 0.46081 0.47767 0.49648 0.51703 0.53911 0.56255 0.58719 0.61287 0.63948 0.6669 0.69504 0.72381 0.75315 0.78298 0.81325 0.84392 0.87494 0.90628 0.93791 0.96979 1.0019 1.0342 1.0668 1.0994 1.1323 1.1653 1.1984 1.2317 1.2651 1.2985 1.3321 1.3658 1.3995 1.4334 1.4673 1.5012 1.5352 1.5693 1.6035 1.6377 1.6719 1.7062 1.7405 1.7749 1.8093 1.8437 1.8782 1.9127 1.9473 1.9818 2.0164 2.0511 2.0857 2.1204 2.1551 2.1898 2.2245 2.2593 2.294 2.3288 2.3636 2.3985 2.4333 2.4681 2.503 2.5379 2.5728 2.6077 2.6426 2.6775 2.7125 2.7474 2.7824 2.8173 2.8523 2.8873 2.9223 2.9573 2.9923 3.0274 3.0624 3.0974 3.1325 3.1675 3.2026 3.2376 3.2727 3.3078 3.3429 3.378 3.4131 3.4482 3.4833 3.5184 3.5535 3.5886 3.6237 3.6589 3.694 3.7291 3.7643 3.7994 3.8346 5.0131 4.5895 4.757 4.2149 5.0057 5.1489 5.8088 4.3399 4.3801 5.3833 4.8929 4.3763 4.2457 5.5534 5.0277 4.2362 5.2527 4.3642 4.8557 4.2378 3.9589 4.9103 5.3828 5.172 5.0544 4.6216 4.6801 4.7336 5.0787 5.5047 4.8664 5.4626 5.0991 4.2665 4.9426 4.1703 4.597 5.154 4.0917 4.6237 4.0885 5.1811 4.4481 4.2419 4.8587 4.9914 5.6916 3.9556 4.4798 5.0511
0.49444 0.61158 0.34204 0.35379 0.37165 1.3173 0.49846 0.44513 0.71502 0.59271 1.4134 1.3352 0.83584 0.30256 0.46844 0.64258 0.19904 0.51448 1.3712 1.3613 0.67319 0.36314 0.93737 1.4091 0.66302 1.4212 0 1.106 0.60692 1.0857 0.45492 0.35565 0.86378 0.10572 0.36475 1.3381 0.88462 0.49202 0.59405 0.33852 0.4804 1.4242 0.56814 0.85631 0.34569 0.6042 0.68328 1.4811 0.71921 1.361 1.4139 1.4482 1.4825 1.5169 1.5513 1.5858 1.6203 1.6548 1.6894 1.724 1.7586 1.7933 1.828 1.8627 1.8974 1.9322 1.9669 2.0017 2.0365 2.0714 2.1062 2.1411 2.176 2.2109 2.2458 2.2807 2.3157 2.3506 2.3856 2.4206 2.4555 2.4905 2.5256 2.5606 2.5956 2.6306 2.6657 2.7007 2.7358 2.7709 2.8059 2.841 2.8761 2.9112 2.9463 2.9814 3.0165 3.0516 3.0868 3.1219 3.157 3.1922 3.2273 3.2624 3.2976 3.3328 3.3679 3.4031 3.4382 3.4734 3.5086 3.5438 3.579 3.6141 3.6493 3.6845 3.7197 3.7549 3.7901 3.8253 3.8605 3.8957 3.931 3.9662 4.0014 4.0366 4.0718 4.1071 4.1423 4.1775 4.2127 4.248 4.2832 4.3185 4.3537 4.3889 4.4242 4.4594 4.4947 4.5299 4.5652 4.6004 4.6357 4.6709 4.7062 4.7414 4.7767 4.812 4.8472 4.8825 4.9178 4.953 4.9883 5.0236 6.0548 5.8943 5.9948 5.4304 6.2372 6.425 7.011 5.5419 5.43 6.6026 6.1443 5.4648 5.5457 6.7839 6.1923 5.4422 6.4421 5.5612 6.0135 5.532 5.1744 6.0072 6.4571 6.235 6.3393 5.7231 5.7832 5.8849 6.3377 6.6418 6.1448 6.7142 6.185 5.5559 6.0893 5.3559 5.6743 6.3832 5.2598 5.8098 5.2973 6.2355 5.5507 5.4792 6.1021 6.1931 6.9021 5.1683 5.7302 6.2773
